600 10
2384
887
778
1916
1794
2336
2387
493
2650
422
363
1028
2691
2060
1764
2927
541
427
173
737
1212
369
568
430
783
531
1863
1124
68
1136
930
2803
2023
2059
2070
1168
1394
1457
2012
1043
2230
2374
2422
1920
1785
1538
2199
2325
2316
2371
414
527
92
981
957
874
1863
171
1997
2282
1306
2926
2085
328
2337
1506
1847
730
314
858
2125
2896
583
1546
1815
2368
435
1365
2044
2751
1088
2809
277
1179
789
1585
2404
2652
1755
1400
1933
61
1677
1369
740
1013
227
2587
2095
540
796
1571
435
1379
468
2602
1098
903
1318
493
653
2757
302
1281
1287
1442
2866
690
1445
1620
2441
730
2032
1118
2098
2772
2482
2676
2710
1928
568
857
498
1354
2587
966
1307
684
2220
2625
1529
2872
2733
1830
1504
1020
271
1369
1709
1716
341
1150
2797
2724
2619
2246
2847
2452
1922
2556
1380
2489
765
2229
842
351
194
2501
1035
2765
2125
2915
2988
1857
1744
1492
228
2366
2860
1937
1433
552
438
1229
276
408
475
122
2859
2396
30
1238
2236
794
819
429
1144
1012
2929
2530
777
2405
2444
764
1614
1539
2607
1841
905
2819
1129
2689
370
1918
918
997
2325
1744
1471
2184
1491
1500
773
726
2645
1591
1506
1140
2955
1787
670
1083
1543
465
2198
508
2356
1805
2349
612
1623
829
300
2344
2747
1569
341
2423
312
1811
1606
1802
662
2731
2879
306
1321
1737
1445
1627
523
2466
2709
2417
283
2259
2925
2638
1063
2625
601
37
453
900
2380
551
2469
72
2974
132
1882
1931
1934
2895
1661
2164
200
2982
900
1997
1960
1774
1814
1669
1191
2096
927
1467
2085
2341
1091
2685
2377
1543
937
2108
2446
757
2180
2419
888
1413
1349
173
1660
10
2337
2211
343
588
1207
2302
2714
373
1322
1256
2820
2600
2722
1905
1940
812
1941
1668
2706
229
1128
2151
985
659
1921
2225
2423
270
2397
1082
631
2085
293
973
2673
1851
626
2386
2223
2300
641
2043
1899
714
1299
1191
1525
591
210
1582
820
1337
733
2156
1995
5
1380
1770
274
777
2851
1256
2861
143
2580
2885
1994
206
2622
1568
2505
614
962
1755
1327
2260
2945
203
203
507
1785
1022
1843
2869
529
1190
2873
1909
2959
499
37
2809
1754
249
304
1334
134
2649
1891
2755
1568
1747
369
2530
501
2047
1789
798
2250
1991
1304
1034
364
498
1254
893
1687
1126
153
1997
1976
189
2158
730
437
2461
2415
922
2461
1305
1029
1028
51
1749
557
903
795
2698
1700
44
2040
3
1429
2404
501
2682
648
2539
1160
1152
1536
135
1340
693
1216
2128
505
630
50
2965
2286
1430
1344
2336
178
1901
239
972
1950
2290
1368
989
2293
2796
744
145
2830
1391
2683
1341
2542
1570
1827
1233
2262
43
361
118
1024
762
82
310
2191
1426
2997
2368
678
235
691
2627
2525
2058
615
2169
2206
1359
2313
2387
101
2347
727
2995
917
2553
1579
530
2947
2291
648
971
52
1081
1632
2594
2858
1628
2313
887
2215
356
513
2091
2413
1480
1611
1970
190
1275
1356
642
621
2434
988
1889
2339
2567
2771
2285
1857
418
607
2261
1850
2238
2206
2060
1218
1519
2946
784
1874
459
2874
1638
2290
1484
608
2479
2758
2315
472
730
2101
1460
2619
1439
1026
2389
1075
234
158
1682
2494
2359
