800 2000
4384
887
2778
1916
2794
3336
387
493
1650
1422
2363
28
3691
60
2764
3927
541
3427
4173
737
212
369
2568
1430
783
1531
2863
124
4068
3136
3930
4803
4023
3059
3070
3168
1394
3457
12
3043
1230
2374
4422
4920
3785
3538
199
4325
3316
4371
1414
3527
1092
3981
4957
1874
1863
4171
1997
2282
2306
926
2085
1328
337
1506
847
1730
1314
858
1125
3896
4583
546
3815
3368
435
365
4044
3751
1088
1809
2277
2179
789
3585
404
2652
2755
2400
4933
61
4677
3369
2740
13
1227
3587
3095
2540
796
571
1435
379
2468
1602
98
2903
3318
493
1653
757
2302
281
4287
4442
3866
4690
3445
1620
3441
4730
3032
3118
3098
772
4482
676
710
3928
4568
2857
4498
2354
4587
1966
307
4684
1220
3625
1529
2872
733
3830
4504
20
3271
3369
4709
1716
1341
3150
2797
724
2619
2246
2847
3452
2922
3556
2380
2489
2765
3229
4842
2351
194
1501
2035
2765
125
4915
1988
857
3744
1492
2228
3366
4860
1937
1433
2552
1438
4229
3276
408
1475
1122
3859
4396
1030
1238
3236
3794
819
4429
1144
1012
929
4530
3777
2405
4444
764
4614
4539
3607
1841
2905
4819
129
689
2370
2918
4918
1997
3325
2744
4471
2184
3491
500
4773
1726
645
591
2506
3140
2955
4787
2670
3083
3543
3465
198
4508
4356
3805
1349
3612
3623
2829
4300
2344
747
569
4341
423
3312
3811
2606
1802
662
3731
4879
1306
4321
3737
4445
3627
3523
3466
1709
3417
3283
3259
2925
2638
2063
625
2601
2037
3453
1900
4380
551
2469
72
974
2132
3882
4931
3934
895
3661
164
2200
2982
3900
2997
2960
3774
2814
4669
2191
1096
2927
1467
85
1341
2091
2685
3377
543
937
4108
2446
4757
4180
3419
1888
4413
3349
2173
1660
2010
2337
211
1343
2588
3207
4302
2714
2373
322
1256
4820
4600
2722
4905
940
4812
3941
668
1706
1229
1128
4151
985
1659
3921
4225
2423
2270
1397
4082
631
85
4293
1973
2673
3851
2626
386
1223
4300
1641
1043
3899
714
2299
1191
525
2591
3210
3582
3820
4337
2733
1156
995
3005
380
4770
274
1777
3851
2256
1861
3143
580
885
1994
3206
2622
4568
2505
614
1962
2755
1327
4260
3945
3203
3203
3507
1785
2022
2843
869
4529
190
3873
4909
4959
499
3037
3809
2754
1249
3304
3334
2134
1649
2891
4755
2568
1747
369
4530
4501
3047
3789
4798
1250
1991
3304
3034
364
2498
254
4893
2687
4126
1153
3997
976
4189
4158
3730
437
2461
3415
3922
461
1305
29
3028
3051
1749
2557
3903
4795
2698
3700
1044
1040
2003
429
1404
4501
682
2648
3539
1160
152
2536
2135
4340
1693
2216
1128
505
630
50
965
3286
1430
344
1336
3178
2901
239
2972
1950
290
368
2989
2293
796
744
3145
2830
3391
1683
341
3542
570
3827
4233
2262
1043
361
4118
3024
1762
82
1310
3191
426
3997
1368
4678
4235
691
1627
4525
1058
4615
3169
3206
359
1313
2387
101
4347
2727
4995
4917
1553
579
3530
3947
2291
2648
1971
4052
4081
4632
3594
858
3628
1313
1887
4215
3356
3513
91
4413
4480
4611
3970
1190
2275
1356
2642
1621
434
3988
2889
3339
4567
2771
2285
1857
418
607
2261
850
238
2206
3060
218
3519
4946
784
1874
3459
874
2638
4290
484
1608
479
2758
4315
4472
730
1101
3460
3619
4439
3026
1389
3075
1234
3158
3682
3494
359
271
700
3418
1840
570
3364
2623
3795
3174
4848
1432
2463
1683
4391
4293
792
58
116
1522
1158
3575
1492
1948
2952
4232
22
538
3741
55
4031
4099
326
1082
2517
3517
3003
2232
1140
1797
405
2339
4581
4219
4022
3971
4863
4813
380
4978
2686
1537
4905
4177
3484
4208
4760
4858
4745
3500
4912
128
3951
237
2561
2819
106
564
50
1245
3712
1806
4935
3292
2376
3956
3615
3590
3769
3994
4919
2806
1883
4823
1983
1718
4031
3094
1575
127
1594
1487
254
544
3075
2815
4714
3180
3378
4763
776
2089
2920
711
1733
295
1018
347
236
1138
692
154
3944
2574
1329
926
4292
1711
4019
2218
1837
1964
56
2091
3859
3131
4905
3572
2662
4634
4686
4790
3074
2605
1852
4806
4251
2869
1504
4486
4007
2196
4640
2950
1121
968
227
1764
2678
597
3982
866
2561
4037
2956
2771
3519
4212
1343
2533
197
2380
2322
3271
4985
4173
4428
4235
2041
2284
73
2399
831
1064
348
1951
2031
574
3715
1060
2523
4048
1925
83
4436
1233
4205
2955
444
1899
487
641
4279
4160
263
4263
4684
1042
4849
1724
3325
